
x0 = 0.5| y0 = 0.8192319205190405
x1 = 0.51| y1 = 0.8164965809277261
x2 = 0.52| y2 = 0.8137884587711595
x3 = 0.53| y3 = 0.8111071056538127
x4 = 0.54| y4 = 0.8084520834544432
x5 = 0.55| y5 = 0.8058229640253802
x6 = 0.56| y6 = 0.8032193289024989
x7 = 0.57| y7 = 0.8006407690254357
x8 = 0.58| y8 = 0.7980868844676222
x9 = 0.59| y9 = 0.79555728417573
x10 = 0.6| y10 = 0.7930515857181442
x11 = 0.61| y11 = 0.7905694150420948
x12 = 0.62| y12 = 0.7881104062391007
x13 = 0.63| y13 = 0.7856742013183862
x14 = 0.64| y14 = 0.7832604499879573
x15 = 0.65| y15 = 0.7808688094430303
Result Formula Leibniz = 57.9
Result Formula Newton = 0.1